                                Input Data
==============================================================================

           10     Nmin
            1     Cohort
           41     Nmax
       0.0010     theta_Lbegin
       0.1000     theta_Lend
       0.0010     theta_Lstep
       1.0000     theta_Upper
       0.8000     theta_Tbegin
       0.9500     theta_Tend
       0.0010     theta_Tstep
       0.4000     p_0
       0.6000     p_1
       0.3000     Prior a0
       0.7000     Prior b0
       0.1000     Type I Error
       0.9000     Power


                              Calculation Result
==============================================================================

Parameter selection: Maximize Power.
Theta_L and theta_T ranges:
Theta_L  0.0010    0.0010
Theta_T  0.8610    0.9180

                                  Null Case
==============================================================================


Pat.No.    Rej. Reg.   Rej. Reg.    Prob./(p0)      Prob./(p0)   Prob. Cont./(p0)
          (Negative)  (Positive)    (Negative)      (Positive)

 10            1           11          0.0464          0.0000          0.9536
 11            1           12          0.0000          0.0000          0.9536
 12            1           13          0.0000          0.0000          0.9536
 13            2           14          0.0261          0.0000          0.9275
 14            2           15          0.0000          0.0000          0.9275
 15            2           16          0.0000          0.0000          0.9275
 16            3           17          0.0213          0.0000          0.9062
 17            3           18          0.0000          0.0000          0.9062
 18            4           19          0.0295          0.0000          0.8767
 19            4           20          0.0000          0.0000          0.8767
 20            5           21          0.0342          0.0000          0.8425
 21            5           22          0.0000          0.0000          0.8425
 22            6           23          0.0369          0.0000          0.8056
 23            6           24          0.0000          0.0000          0.8056
 24            7           25          0.0383          0.0000          0.7673
 25            7           26          0.0000          0.0000          0.7673
 26            8           27          0.0386          0.0000          0.7286
 27            8           28          0.0000          0.0000          0.7286
 28            9           29          0.0383          0.0000          0.6903
 29           10           30          0.0625          0.0000          0.6278
 30           10           31          0.0000          0.0000          0.6278
 31           11           32          0.0456          0.0000          0.5822
 32           12           33          0.0670          0.0000          0.5153
 33           12           34          0.0000          0.0000          0.5153
 34           13           35          0.0449          0.0000          0.4703
 35           14           36          0.0628          0.0000          0.4075
 36           15           37          0.0670          0.0000          0.3405
 37           16           38          0.0640          0.0000          0.2765
 38           17           39          0.0574          0.0000          0.2191
 39           18           40          0.0493          0.0000          0.1698
 40           19           41          0.0408          0.0000          0.1289
 41           20           42          0.0329          0.0961          0.0000
==============================================================================
Sum:                                   0.9039          0.0961

PET (PP<Theta_L)/(p0):  0.8711
PET (PP>Theta_U)/(p0):  0.0000
PET Total /(p0):        0.8711
E(N|p0):                31.0686

                                  Alternative Case
==============================================================================

Pat.No.    Rej. Reg.   Rej. Reg.    Prob./(p1)      Prob./(p1)   Prob. Cont./(p0)
          (Negative)  (Positive)    (Negative)      (Positive)

 10            1           11          0.0017          0.0000          0.9983
 11            1           12          0.0000          0.0000          0.9983
 12            1           13          0.0000          0.0000          0.9983
 13            2           14          0.0007          0.0000          0.9976
 14            2           15          0.0000          0.0000          0.9976
 15            2           16          0.0000          0.0000          0.9976
 16            3           17          0.0004          0.0000          0.9973
 17            3           18          0.0000          0.0000          0.9973
 18            4           19          0.0005          0.0000          0.9968
 19            4           20          0.0000          0.0000          0.9968
 20            5           21          0.0006          0.0000          0.9962
 21            5           22          0.0000          0.0000          0.9962
 22            6           23          0.0006          0.0000          0.9955
 23            6           24          0.0000          0.0000          0.9955
 24            7           25          0.0007          0.0000          0.9949
 25            7           26          0.0000          0.0000          0.9949
 26            8           27          0.0007          0.0000          0.9942
 27            8           28          0.0000          0.0000          0.9942
 28            9           29          0.0007          0.0000          0.9935
 29           10           30          0.0016          0.0000          0.9919
 30           10           31          0.0000          0.0000          0.9919
 31           11           32          0.0012          0.0000          0.9907
 32           12           33          0.0026          0.0000          0.9881
 33           12           34          0.0000          0.0000          0.9881
 34           13           35          0.0018          0.0000          0.9864
 35           14           36          0.0037          0.0000          0.9827
 36           15           37          0.0059          0.0000          0.9768
 37           16           38          0.0084          0.0000          0.9684
 38           17           39          0.0113          0.0000          0.9570
 39           18           40          0.0146          0.0000          0.9424
 40           19           41          0.0182          0.0000          0.9243
 41           20           42          0.0219          0.9023          0.0000
==============================================================================
Sum:                                   0.0977          0.9023

PET (PP<Theta_L)/(p1):  0.0757
PET (PP>Theta_U)/(p1):  0.0000
PET Total /(p1):        0.0757
E(N|p1):                40.6196

Alpha:      0.0961
Beta:       0.0977


Predictive Probability Program PID-535
2020/6/11 21:19:26